image: CG_Speedway_1.pgm
resolution: 0.129310345  # 15/58
origin: [0, 0, 0]  # [-194.612069225, -184.267241625, 0]
negate: 0
occupied_thresh: 0.65
free_thresh: 0.1
